,x,y
0,1.6243453636632417,-1.2092352128600798
1,-0.6117564136500754,2.3946381910497037
2,-0.5281717522634557,2.5286072469545173
3,-1.0729686221561705,-5.347026535080654
4,0.8654076293246785,4.2620145131644875
5,-2.3015386968802827,-42.13411586958134
6,1.74481176421648,-1.3592954898371015
7,-0.7612069008951028,-1.739786265629884
8,0.31903909605709857,6.418706426841849
9,-0.2493703754774101,4.652715194305635
10,1.462107937044974,-0.47586210512587357
11,-2.060140709497654,-32.63664638362592
12,-0.3224172040135075,4.912664997853714
13,-0.38405435466841564,2.685291865153939
14,1.1337694423354374,4.047455752038824
15,-1.0998912673140309,-7.76877648359387
16,-0.17242820755043575,5.090126811796065
17,-0.8778584179213718,-4.156923702713064
18,0.04221374671559283,7.279625827575844
19,0.5828152137158222,6.820900108511776
20,-1.1006191772129212,-6.495218431425954
21,1.1447237098396141,2.8414013193383085
22,0.9015907205927955,6.442647220050173
23,0.5024943389018682,8.538203802462855
24,0.9008559492644118,3.3148424459557795
25,-0.6837278591743331,1.5045708686100743
26,-0.12289022551864817,7.044364272439626
27,-0.9357694342590688,-3.1507046522785243
28,-0.2678880796260159,3.2870606741087727
29,0.530355466738186,7.386611709565599
30,-0.691660751725309,-0.01646294116016353
31,-0.39675352685597737,2.827112514638994
32,-0.6871727001195994,-1.006679229953365
33,-0.8452056414987196,-1.4787955675801712
34,-0.671246130836819,1.2229275610643513
35,-0.01266459891890136,5.324847303469233
36,-1.1173103486352778,-6.275857903385217
37,0.23441569781709215,5.471345872084621
38,1.6598021771098705,-0.3449933629546079
39,0.7420441605773356,5.956121582460013
40,-0.19183555236161492,4.821046913559409
41,-0.8876289640848363,-2.799182618719296
42,-0.7471582937508376,0.2805212261769364
43,1.6924546010277466,-0.7574626233474363
44,0.05080775477602897,6.717286469719352
45,-0.6369956465693534,1.0000561690853509
46,0.19091548466746602,6.626965908156114
47,2.100255136478842,-5.888403502483978
48,0.12015895248162915,6.627542251444526
49,0.6172031097074192,7.006796066456868
50,0.3001703199558275,6.366178787911554
51,-0.35224984649351865,1.3854588368659209
52,-1.1425181980221402,-6.258165379341413
53,-0.3493427224128775,6.031786388815324
54,-0.2088942333747781,5.338497420023892
55,0.5866231911821976,6.302700566690134
56,0.8389834138745049,5.350462715298647
57,0.9311020813035573,4.887979598822944
58,0.2855873252542588,6.684373509211945
59,0.8851411642707281,4.133788165057436
60,-0.7543979409966528,-1.206987820029331
61,1.2528681552332879,1.7763343168546424
62,0.5129298204180088,6.802906617400455
63,-0.29809283510271567,3.9619384779262283
64,0.48851814653749703,7.087334940542244
65,-0.07557171302105573,5.488484527487667
66,1.131629387451427,4.698830933740079
67,1.5198168164221988,0.540065316743457
68,2.1855754065331614,-5.463482696990964
69,-1.3964963354881377,-14.817628335506518
70,-1.4441138054295894,-14.743149011868946
71,-0.5044658629464512,3.2796809572883663
72,0.16003706944783047,9.01726211156896
73,0.8761689211162249,5.053575234184338
74,0.31563494724160523,6.727323421119808
75,-2.022201215824003,-31.81253538747296
76,-0.3062040126283718,5.526849700178136
77,0.8279746426072462,5.251905493986741
78,0.2300947353643834,7.290096482298674
79,0.7620111803120247,5.509759011003698
80,-0.22232814261035927,3.534956074559241
81,-0.20075806892999745,5.263837843195429
82,0.1865613909882843,7.04449544035397
83,0.4100516472082563,7.9659465804769845
84,0.19829972012676975,6.451493797718096
85,0.11900864580745882,5.774705488651838
86,-0.6706622862890306,1.0003910682392747
87,0.3775637863209194,6.927959791374223
88,0.12182127099143693,6.679992356139448
89,1.1294839079119197,3.654972083806968
90,1.198917879901507,4.365583266384311
91,0.18515641748394385,6.9082296119472835
92,-0.3752849500901142,5.526773337582571
93,-0.6387304074542224,1.951923657855044
94,0.4234943540641129,7.322513988860532
95,0.07734006834855942,4.646310580874649
96,-0.3438536755710756,4.493099080938903
97,0.04359685683424694,6.583315233788409
98,-0.6200008439481293,1.8815446340872988
99,0.6980320340722189,7.117147036770071
