,x,y_data,weights
0,0.0,5.812224313789102,1.0
1,0.40816326530612246,5.119555050540348,1.0
2,0.8163265306122449,5.96022140921135,1.0
3,1.2244897959183674,5.75432002171894,1.0
4,1.6326530612244898,5.932048100417177,1.0
5,2.0408163265306123,5.5281737632590175,1.0
6,2.4489795918367347,6.591449489802262,1.0
7,2.857142857142857,6.48350374609466,1.0
8,3.2653061224489797,5.664911914422548,1.0
9,3.673469387755102,6.534884393871671,1.0
10,4.081632653061225,6.999831634479667,1.0
11,4.4897959183673475,7.645703207936955,1.0
12,4.8979591836734695,7.159966669232489,1.0
13,5.3061224489795915,7.938654434525201,1.0
14,5.714285714285714,7.683703335801595,1.0
15,6.122448979591837,8.197129243341339,1.0
16,6.530612244897959,8.054476306391923,1.0
17,6.938775510204081,8.50935162088776,1.0
18,7.346938775510204,8.97081676804255,1.0
19,7.755102040816327,9.224254047314634,1.0
20,8.16326530612245,8.652479785837969,1.0
21,8.571428571428571,9.442216053764156,1.0
22,8.979591836734695,9.589115032791325,1.0
23,9.387755102040817,9.19352861050349,1.0
24,9.795918367346939,10.131007986614325,1.0
25,10.204081632653061,9.188259734673345,1.0
26,10.612244897959183,10.706219649063666,1.0
27,11.020408163265307,9.935002186964786,1.0
28,11.428571428571429,10.099731846468547,1.0
29,11.83673469387755,10.753009980515682,1.0
30,12.244897959183675,8.143961650633738,3.0
31,12.653061224489797,9.491053265867176,3.0
32,13.061224489795919,10.983329213525598,3.0
33,13.46938775510204,11.650584904964767,3.0
34,13.877551020408163,12.080005282935785,3.0
35,14.285714285714286,10.704317804207031,3.0
36,14.693877551020408,11.440043765639238,3.0
37,15.10204081632653,11.478805950277502,3.0
38,15.510204081632654,9.941246974159489,3.0
39,15.918367346938776,12.558721477745141,3.0
40,16.3265306122449,13.060786627461564,3.0
41,16.73469387755102,13.743278993779926,3.0
42,17.142857142857142,10.20802825679952,3.0
43,17.551020408163264,12.775438596787595,3.0
44,17.95918367346939,14.246533844091998,3.0
45,18.367346938775512,11.943055431840273,3.0
46,18.775510204081634,13.69408422257554,3.0
47,19.183673469387756,14.061242783706836,3.0
48,19.591836734693878,17.367756057265453,3.0
49,20.0,12.534420216873013,3.0
